0	100	100	100	10000
1	92	92	100	9992
2	109	109	127	9982
3	137	137	159	9978
4	144	144	181	9963
5	168	168	218	9950
6	187	187	249	9938
7	210	210	291	9919
8	252	252	350	9902
9	284	284	406	9878
10	318	318	468	9850
11	340	340	515	9825
12	388	388	582	9806
13	415	415	643	9772
14	453	453	707	9746
15	435	465	736	9699
16	462	499	796	9666
17	500	547	864	9636
18	523	578	928	9595
19	533	604	988	9545
20	547	629	1041	9506
21	553	647	1083	9470
22	572	683	1140	9432
23	587	725	1193	9394
24	593	749	1249	9344
25	615	785	1313	9302
26	619	819	1371	9248
27	617	838	1411	9206
28	616	860	1458	9158
29	621	882	1508	9113
30	636	917	1564	9072
31	630	945	1601	9029
32	634	974	1647	8987
33	645	1018	1684	8961
34	610	1014	1706	8904
35	628	1052	1751	8877
36	631	1083	1797	8834
37	631	1105	1845	8786
38	607	1109	1872	8735
39	590	1125	1893	8697
40	577	1143	1926	8651
41	548	1141	1951	8597
42	511	1136	1962	8549
43	498	1148	1987	8511
44	501	1171	2020	8481
45	495	1194	2050	8445
46	487	1213	2077	8410
47	482	1238	2107	8375
48	469	1250	2126	8343
49	472	1272	2156	8316
50	450	1283	2178	8272
51	446	1305	2212	8234
52	444	1321	2241	8203
53	444	1336	2276	8168
54	444	1359	2313	8131
55	443	1377	2353	8090
56	444	1393	2386	8058
57	433	1398	2414	8019
58	422	1404	2435	7987
59	417	1417	2459	7958
60	417	1435	2484	7933
61	402	1444	2491	7911
62	390	1451	2505	7885
63	391	1464	2535	7856
64	378	1465	2556	7822
65	360	1470	2566	7794
66	341	1465	2573	7768
67	313	1458	2583	7730
68	301	1464	2592	7709
69	280	1466	2598	7682
70	268	1470	2605	7663
71	264	1484	2615	7649
72	244	1480	2620	7624
73	226	1476	2619	7607
74	205	1471	2619	7586
75	207	1486	2628	7579
76	202	1497	2638	7564
77	190	1498	2637	7553
78	184	1504	2650	7534
79	173	1504	2659	7514
80	174	1508	2676	7498
81	175	1516	2692	7483
82	174	1529	2699	7475
83	173	1541	2708	7465
84	172	1542	2721	7451
85	166	1542	2731	7435
86	168	1549	2743	7425
87	178	1562	2767	7411
88	182	1569	2784	7398
89	175	1574	2791	7384
90	170	1580	2795	7375
91	166	1582	2805	7361
92	162	1587	2809	7353
93	173	1603	2827	7346
94	170	1610	2832	7338
95	176	1624	2843	7333
96	174	1633	2849	7325
97	171	1638	2854	7317
98	172	1647	2861	7311
99	168	1649	2870	7298
100	159	1648	2872	7287
101	149	1654	2877	7272
102	148	1660	2884	7264
103	150	1668	2899	7251
104	144	1670	2903	7241
105	148	1678	2915	7233
106	151	1689	2929	7222
107	146	1698	2931	7215
108	153	1709	2943	7210
109	152	1718	2949	7203
110	143	1716	2955	7188
111	142	1720	2964	7178
112	134	1719	2966	7168
113	136	1724	2975	7161
114	134	1727	2990	7144
115	127	1726	2995	7132
116	131	1735	3006	7125
117	132	1743	3010	7122
118	121	1738	3010	7111
119	118	1743	3016	7102
120	113	1747	3017	7096
121	107	1749	3019	7088
122	103	1751	3024	7079
123	102	1759	3030	7072
124	109	1770	3040	7069
125	117	1784	3052	7065
126	120	1788	3063	7057
127	117	1792	3070	7047
128	111	1793	3070	7041
129	104	1792	3070	7034
130	106	1800	3081	7025
131	107	1805	3088	7019
132	103	1802	3094	7009
133	98	1801	3097	7001
134	97	1806	3100	6997
135	98	1810	3105	6993
136	91	1807	3103	6988
137	88	1808	3106	6982
138	83	1809	3107	6976
139	77	1811	3106	6971
140	71	1809	3105	6966
141	63	1807	3105	6958
142	66	1814	3109	6957
143	62	1812	3109	6953
144	62	1818	3111	6951
145	58	1819	3114	6944
146	56	1822	3114	6942
147	51	1822	3113	6938
148	51	1827	3115	6936
149	51	1828	3118	6933
150	49	1828	3121	6928
151	51	1835	3124	6927
152	46	1833	3122	6924
153	45	1833	3123	6922
154	44	1834	3124	6920
155	47	1838	3131	6916
156	44	1840	3133	6911
157	46	1843	3137	6909
158	43	1842	3138	6905
159	40	1843	3140	6900
160	39	1844	3144	6895
161	40	1847	3148	6892
162	40	1850	3150	6890
163	44	1854	3157	6887
164	45	1856	3162	6883
165	44	1857	3165	6879
166	49	1862	3172	6877
167	53	1866	3181	6872
168	60	1875	3192	6868
169	57	1873	3197	6860
170	60	1880	3201	6859
171	67	1888	3210	6857
172	72	1895	3215	6857
173	72	1899	3221	6851
174	73	1904	3223	6850
175	72	1906	3225	6847
176	78	1913	3233	6845
177	84	1922	3244	6840
178	89	1930	3259	6830
179	88	1930	3265	6823
180	90	1936	3270	6820
181	89	1937	3277	6812
182	78	1933	3274	6804
183	75	1932	3279	6796
184	76	1937	3286	6790
185	68	1933	3285	6783
186	64	1935	3283	6781
187	62	1936	3285	6777
188	62	1938	3289	6773
189	62	1939	3294	6768
190	58	1939	3296	6762
191	52	1938	3293	6759
192	42	1937	3288	6754
193	45	1942	3294	6751
194	42	1942	3295	6747
195	43	1944	3299	6744
196	45	1946	3305	6740
197	44	1948	3306	6738
198	39	1949	3303	6736
199	41	1952	3307	6734
200	42	1954	3313	6729
201	44	1956	3316	6728
202	44	1959	3319	6725
203	45	1963	3322	6723
204	47	1967	3327	6720
205	44	1965	3331	6713
206	43	1965	3335	6708
207	45	1971	3340	6705
208	45	1972	3343	6702
209	46	1974	3348	6698
210	46	1975	3351	6695
211	48	1978	3356	6692
212	46	1977	3356	6690
213	39	1974	3355	6684
214	39	1976	3356	6683
215	40	1978	3358	6682
216	39	1980	3359	6680
217	38	1979	3363	6675
218	38	1982	3365	6673
219	32	1979	3362	6670
220	32	1981	3364	6668
221	31	1984	3366	6665
222	28	1982	3368	6660
223	21	1977	3367	6654
224	20	1977	3369	6651
225	22	1979	3371	6651
226	24	1981	3373	6651
227	26	1985	3376	6650
228	23	1984	3375	6648
229	23	1985	3376	6647
230	26	1988	3381	6645
231	27	1991	3385	6642
232	26	1991	3385	6641
233	27	1992	3388	6639
234	25	1993	3388	6637
235	23	1992	3390	6633
236	21	1992	3390	6631
237	18	1989	3390	6628
238	19	1991	3391	6628
239	17	1990	3391	6626
240	15	1989	3391	6624
241	16	1990	3392	6624
242	12	1987	3391	6621
243	12	1988	3392	6620
244	13	1989	3394	6619
245	13	1990	3395	6618
246	13	1990	3396	6617
247	10	1989	3395	6615
248	11	1990	3396	6615
249	8	1989	3394	6614
250	7	1988	3394	6613
251	7	1988	3394	6613
252	7	1988	3394	6613
253	7	1988	3394	6613
254	7	1988	3394	6613
255	7	1989	3394	6613
256	6	1988	3394	6612
257	4	1987	3394	6610
258	2	1986	3393	6609
259	1	1986	3392	6609
260	1	1986	3392	6609
261	1	1986	3392	6609
262	0	1986	3391	6609
